Attribute Evaluator (supervised, Class (nominal): 37 class):
	Symmetrical Uncertainty Ranking Filter

Ranked attributes:
 0.0337472   10 10
 0.0268966   35 35
 0.0246799   15 15
 0.0244096    4 4
 0.0234553   23 23
 0.0234553   19 19
 0.0228542    3 3
 0.0227327   34 34
 0.0225582   36 36
 0.0222028   31 31
 0.0208274   16 16
 0.0204656   17 17
 0.0204567   32 32
 0.0204487   24 24
 0.0203589   33 33
 0.0195437   30 30
 0.0186863   20 20
 0.0182815   12 12
 0.0182574   11 11
 0.0162582   21 21
 0.0161079   28 28
 0.0154128   18 18
 0.0153429    1 1
 0.0146721   25 25
 0.0143439    6 6
 0.0139918    7 7
 0.0109613   13 13
 0.0103861   22 22
 0.009905    26 26
 0.0086954   27 27
 0.0086954    5 5
 0.0083505   29 29
 0.0081051    2 2
 0.007568     9 9
 0.0068903    8 8
 0.000053    14 14

Selected attributes: 10,35,15,4,23,19,3,34,36,31,16,17,32,24,33,30,20,12,11,21,28,18,1,25,6,7,13,22,26,27,5,29,2,9,8,14 : 36