Attribute Evaluator (supervised, Class (nominal): 37 class):
	ReliefF Ranking Filter
	Instances sampled: all
	Number of nearest neighbours (k): 10
	Exponentially decreasing (with distance) influence for
	nearest neighbours. Sigma: 2

Ranked attributes:
 0.41183   35 35
 0.33817   25 25
 0.30831    9 9
 0.29301   29 29
 0.28873    7 7
 0.28246    4 4
 0.26562   17 17
 0.25432   22 22
 0.25415   12 12
 0.22068   18 18
 0.20431   32 32
 0.19421   30 30
 0.17173   31 31
 0.16459   21 21
 0.14668    2 2
 0.14195   27 27
 0.14195    5 5
 0.14081   11 11
 0.1289     8 8
 0.12169   24 24
 0.11922   33 33
 0.11454   34 34
 0.11095   13 13
 0.10515   23 23
 0.10515   19 19
 0.10423   20 20
 0.10271   26 26
 0.09758    3 3
 0.09495   36 36
 0.09373    6 6
 0.08923    1 1
 0.08406   28 28
 0.0619    14 14
 0.01963   15 15
 0.01925   10 10
 0.00978   16 16

Selected attributes: 35,25,9,29,7,4,17,22,12,18,32,30,31,21,2,27,5,11,8,24,33,34,13,23,19,20,26,3,36,6,1,28,14,15,10,16 : 36