Attribute Evaluator (supervised, Class (nominal): 37 class):
	OneR feature evaluator.

	Using 10 fold cross validation for evaluating attributes.
	Minimum bucket size for OneR: 6

Ranked attributes:
97.4478   18 18
97.4478   17 17
97.4478   16 16
97.4478   35 35
97.4478   22 22
97.4478   19 19
97.4478   14 14
97.4478   13 13
97.4478    5 5
97.4478   11 11
97.4478    8 8
97.4478    9 9
97.4478   10 10
97.4478   20 20
97.4478   21 21
97.4478    7 7
97.4478   31 31
97.4478   30 30
97.4478   32 32
97.4478   23 23
97.4478    4 4
97.4478   29 29
97.4478   28 28
97.4478   27 27
97.4478   26 26
97.3318   24 24
97.3318   15 15
97.3318   25 25
97.2158    3 3
97.2158    6 6
97.2158   36 36
97.2158    1 1
97.2158   33 33
97.0998    2 2
97.0998   12 12
97.0998   34 34

Selected attributes: 18,17,16,35,22,19,14,13,5,11,8,9,10,20,21,7,31,30,32,23,4,29,28,27,26,24,15,25,3,6,36,1,33,2,12,34 : 36