Attribute Evaluator (supervised, Class (nominal): 37 class):
	Information Gain Ranking Filter

Ranked attributes:
 0.0229116   35 35
 0.0208507    4 4
 0.0198651   30 30
 0.0190239   31 31
 0.0187909   32 32
 0.0182223   34 34
 0.017034     3 3
 0.0167814   36 36
 0.0167078   24 24
 0.0161981   23 23
 0.0161981   19 19
 0.0161106   33 33
 0.0157328   21 21
 0.0156521   20 20
 0.014866    17 17
 0.0134677   12 12
 0.0131821   18 18
 0.012829    25 25
 0.0123709   28 28
 0.0119131    1 1
 0.0117742    7 7
 0.0113031    6 6
 0.01096     11 11
 0.0100431   10 10
 0.0095277   22 22
 0.0083475   29 29
 0.007691    26 26
 0.0072459    5 5
 0.0072459   27 27
 0.0063978    2 2
 0.0060737    9 9
 0.0059608   16 16
 0.0059518   15 15
 0.0056328   13 13
 0.0056312    8 8
 0.000017    14 14

Selected attributes: 35,4,30,31,32,34,3,36,24,23,19,33,21,20,17,12,18,25,28,1,7,6,11,10,22,29,26,5,27,2,9,16,15,13,8,14 : 36