Attribute Evaluator (supervised, Class (nominal): 37 class):
	Gain Ratio feature evaluator

Ranked attributes:
 0.0236986   10 10
 0.0191432   15 15
 0.0149528   35 35
 0.0148652   16 16
 0.0135659    4 4
 0.0133893   23 23
 0.0133893   19 19
 0.0129118    3 3
 0.0127478   36 36
 0.0127271   34 34
 0.0123353   31 31
 0.0116017   17 17
 0.0114225   24 24
 0.0114159   33 33
 0.0112809   32 32
 0.0106717   30 30
 0.0106491   11 11
 0.0104081   20 20
 0.0103442   12 12
 0.0090656   28 28
 0.008919    21 21
 0.0086233    1 1
 0.0085646   18 18
 0.0081332   25 25
 0.0080472    6 6
 0.0077892    7 7
 0.0065777   13 13
 0.0057282   22 22
 0.005567    26 26
 0.0048461   27 27
 0.0048461    5 5
 0.0045668   29 29
 0.0045462    2 2
 0.0042364    9 9
 0.0038488    8 8
 0.0000362   14 14

Selected attributes: 10,15,35,16,4,23,19,3,36,34,31,17,24,33,32,30,11,20,12,28,21,1,18,25,6,7,13,22,26,27,5,29,2,9,8,14 : 36